=== Run information ===

Scheme:       weka.clusterers.SimpleKMeans -init 0 -max-candidates 100 -periodic-pruning 10000 -min-density 2.0 -t1 -1.25 -t2 -1.0 -N 50 -A "weka.core.EuclideanDistance -R first-last" -I 500 -num-slots 1 -S 10
Relation:     nova4_v2-weka.filters.unsupervised.attribute.Remove-R1-3,11-12-weka.filters.unsupervised.attribute.Remove-R1
Instances:    17030
Attributes:   7
              arousal
              pleasure
              dominance
              entropy_r
              entropy_g
              entropy_b
              count
Test mode:    evaluate on training data


=== Clustering model (full training set) ===


kMeans
======

Number of iterations: 134
Within cluster sum of squared errors: 281.75303041745525

Initial starting points (random):

Cluster 0: 67.18252,117.61553,142.88911,7.66264,7.50355,6.83917,2720
Cluster 1: 127.17782,70.79646,95.65103,1.9602,2.20485,1.77912,453
Cluster 2: 84.63257,62.22634,81.05427,4.12184,4.52845,5.99895,169
Cluster 3: -45.08623,168.45123,188.94131,5.83319,4.2192,5.73544,28
Cluster 4: 45.4665,86.45592,104.59837,7.27017,7.1673,6.99134,668
Cluster 5: -7.35533,65.97178,75.14162,6.74462,6.60326,6.42708,1554
Cluster 6: 72.30145,111.67031,136.61284,2.69702,4.11558,3.24342,52
Cluster 7: 82.2874,80.44013,101.76476,7.59174,7.22987,6.4952,2667
Cluster 8: 34.87177,93.36735,111.37843,7.72438,7.50342,6.97559,1074
Cluster 9: 33.73123,45.80592,56.48993,5.83911,5.8769,5.68609,148
Cluster 10: 23.40703,86.69158,102.41764,7.27575,7.24906,7.12478,190
Cluster 11: 96.71251,66.22584,87.00203,4.41538,3.9933,5.51696,1096
Cluster 12: -9.09794,20.25026,22.30463,1.72398,1.72398,1.72398,442
Cluster 13: 25.56183,114.20156,134.33186,7.4638,7.51449,7.28837,640
Cluster 14: 95.11753,63.8948,84.1408,5.84442,5.90996,6.21011,855
Cluster 15: 13.70015,7.54312,10.20794,0.84587,0.68347,0.58229,29
Cluster 16: 72.01808,142.56072,172.14823,4.50684,4.43257,3.25838,553
Cluster 17: 42.90132,45.18181,56.79065,5.56176,4.69202,4.13959,187
Cluster 18: 39.17863,27.89438,36.47229,2.35999,2.25961,2.23893,399
Cluster 19: -49.50641,139.86431,155.5353,6.68535,6.74755,6.82104,423
Cluster 20: 107.96499,115.8465,145.38552,5.07925,6.21149,5.17673,3017
Cluster 21: 23.23539,78.17469,92.59229,5.58152,5.90626,6.09489,1006
Cluster 22: -1.03474,117.38483,135.04064,7.49007,7.45813,7.54221,3168
Cluster 23: 72.05949,106.74351,130.91329,4.84824,4.83994,4.57554,287
Cluster 24: 56.19509,65.48622,81.64663,6.77432,7.01815,7.32553,930
Cluster 25: 7.64045,75.00214,87.20597,7.62134,7.47802,7.34751,2573
Cluster 26: 76.49721,97.23173,120.4548,4.54255,4.378,4.14895,223
Cluster 27: 17.16899,26.49771,32.41764,2.81653,2.73452,2.36251,445
Cluster 28: -2.37559,32.34872,36.98192,4.97845,4.92487,4.84723,220
Cluster 29: 38.40733,84.21974,101.23897,7.3376,7.28036,7.57417,1174
Cluster 30: 14.84158,23.79744,29.04987,5.34258,5.30455,5.27678,712
Cluster 31: 71.31922,68.67645,87.00098,5.27629,4.76594,5.11122,455
Cluster 32: 78.39182,94.96047,118.0503,7.04346,7.36642,6.24244,1346
Cluster 33: 88.97487,54.57727,72.72989,6.54004,5.69669,5.03536,387
Cluster 34: 12.73499,102.10943,118.98331,7.71962,7.66454,7.55245,1309
Cluster 35: 35.48695,22.26322,29.57827,4.79548,4.7161,4.41293,504
Cluster 36: 89.78822,75.89638,97.36689,3.57861,2.33163,3.97188,58
Cluster 37: -28.33928,133.43675,150.48756,5.04006,5.21507,5.21552,374
Cluster 38: 91.30361,119.1955,147.3895,6.90933,6.62846,4.63833,233
Cluster 39: 13.43821,83.56383,97.70827,4.83694,4.5182,4.72349,197
Cluster 40: 118.58744,65.79787,88.94083,3.43948,3.48217,4.93834,191
Cluster 41: 85.04938,72.83194,93.31177,6.60156,6.11252,6.27121,360
Cluster 42: 84.27281,50.76106,67.81328,5.78112,6.01883,5.53961,3455
Cluster 43: 58.82306,144.33908,172.7291,4.40004,5.12449,4.44247,45
Cluster 44: 38.75587,40.80981,51.29598,6.51979,6.13163,6.2926,1854
Cluster 45: 26.95249,103.62604,122.3099,6.87694,6.70555,6.49379,2722
Cluster 46: 52.63514,101.70852,122.9569,7.38133,7.35513,7.11256,968
Cluster 47: 50.38866,70.10943,86.32432,4.59509,4.33182,4.07011,2493
Cluster 48: -25.9672,154.18886,174.64499,6.24913,6.84036,6.9696,1377
Cluster 49: 8.25837,11.07045,13.66438,1.756,1.77032,1.73215,212

Missing values globally replaced with mean/mode

Final cluster centroids:
                         Cluster#
Attribute    Full Data          0          1          2          3          4          5          6          7          8          9         10         11         12         13         14         15         16         17         18         19         20         21         22         23         24         25         26         27         28         29         30         31         32         33         34         35         36         37         38         39         40         41         42         43         44         45         46         47         48         49
             (17030.0)    (423.0)     (77.0)    (201.0)    (159.0)    (726.0)    (528.0)     (96.0)    (420.0)    (668.0)    (428.0)    (448.0)    (141.0)    (101.0)    (550.0)    (295.0)    (282.0)     (74.0)    (307.0)    (327.0)    (182.0)    (203.0)    (425.0)    (352.0)    (375.0)    (783.0)    (649.0)    (190.0)    (250.0)    (370.0)    (105.0)    (341.0)    (270.0)    (282.0)    (367.0)    (443.0)    (284.0)    (300.0)    (246.0)    (277.0)    (202.0)    (164.0)    (593.0)    (569.0)    (161.0)    (591.0)    (282.0)    (521.0)    (334.0)    (314.0)    (354.0)
============================================================================================================================================================================================================================================================================================================================================================================================================================================================================================================================================================================================
arousal        39.6371    42.4779   116.1798   103.4448   -37.4831    55.1812    11.3816   -56.9786    80.8633    31.1358     55.619    29.2325   104.0722   -11.9209    18.2681    93.6092     4.0969    57.8469    58.9311    34.0848   -30.5059    95.7699    17.0625    -14.139    51.8814    42.3629    17.7169    68.7006    22.5213    23.7495    40.8989    20.0188    61.8221    76.0248    80.5407    -5.4816    24.7639    55.0366     5.4746     100.31      5.854   109.0927    72.3031       57.9    59.4736    25.0104      4.372    58.9517    66.1369     4.3319     10.563
pleasure       79.8386   130.7252    90.7186    69.0066   137.5502    81.9104    57.8851   150.8512    93.4293    95.0195     47.812    99.2546     69.239    47.5879   116.0981    76.2198     6.8115    144.699    48.5662    27.2408   147.8124    109.022    77.7233     126.07    97.7731    65.6533    74.7539   130.2338    29.3392     69.292    78.8679    38.6805    79.2552   117.6434    64.0547    95.9039    35.2919    44.0597   114.9915    87.0727    75.8459    83.7103    73.3792    56.0758   145.4286     46.527    118.996   107.3408    52.5285   144.6661    16.5361
dominance      96.3313   155.2373   117.3667    90.9521   154.2074   100.4446    67.9134   167.3548    116.562   112.8654    61.2326   117.5301    91.2894    53.4671   135.7048    98.1641     8.2981    173.035    62.4693    35.1535   166.7987   136.1723    91.3864    143.584   118.3419    80.3015    88.0403   157.5863    36.2842     82.422    95.3539    46.7615    98.1255   143.9041    82.7046   109.8134    43.3874    56.8476   133.0085   111.4048    87.9788   108.5095    92.5251     71.001   174.0558    56.3508   137.4967   130.1439    67.8323   167.0485    20.2136
entropy_r       5.8235     7.3232     1.8728     4.4571     3.5517       7.35     6.9091     2.0414     7.0822     7.6073     5.7343     6.7076     5.9626     2.3348     7.5828     5.6038      0.716     2.2724     4.9643     2.2243     5.4077     4.6919     6.0431     7.0992     5.4787     6.9994       7.35     3.7334      3.289     5.0124     7.0781     5.5979     4.5113     6.4126     6.1488     7.4667     4.4841     2.8915     4.7519     6.7419     3.7715     3.3551     6.9727     6.4285     5.3642     6.3341     6.0235     7.4975     3.6325      6.538     1.5706
entropy_g       5.8068     7.4007      1.937     4.7935       3.57     7.2529     6.8801      2.066     7.0218     7.5631     5.6404     6.7078     4.8462     2.3156     7.6059     6.2185     0.7094     2.4549     4.7982     2.1472     5.4815     5.4301     6.0387     7.1461     5.5002     6.9043     7.2972     4.0082     3.2386     5.0114     7.0448     5.5436      4.605     6.7278     5.8314     7.4418     4.4018     2.8381     4.7418     6.2358     3.7408     3.2962     6.7017     6.3912     5.6633     6.2999     6.0791     7.4913     3.8008     6.6308     1.5409
entropy_b       5.6938     7.1411     2.0131     5.8273     3.6219     7.0242     6.8264     2.0695     6.5837     7.4124     5.5611     6.6466     3.9343     2.3701     7.4982     6.7609     0.6972     2.2211     4.6507     2.1628     5.5278     4.6564     6.0582     7.1476      5.523     6.7695     7.2179     3.6106     3.1788     5.0538     6.7815     5.5063     4.4852     6.2189     5.4492     7.4067     4.3655     2.8628     4.8488     5.1854     3.7987     3.8125     6.2928     6.3069      5.062     6.2367     6.1746     7.2077      3.868     6.6703     1.5475
count         1117.995  1209.6596    97.3636   669.5473   677.2704  1579.7658   1500.875   649.2708  1467.7952  1590.8428   1129.528   884.4152   845.0922  1076.5644  1125.7964   680.2339   133.0426    82.7432   882.5309   257.3456   480.5934   614.7734    1095.76   838.7614   856.5947  1496.7778   1686.208   259.8947    443.936   806.7459 11686.1048  1056.7009   884.1407   836.8582  1106.1771  1489.8375   743.4577     278.15   543.1423  1165.0686   612.7475   321.7317  1586.5295  1456.2935   476.1988  1384.7327    647.656  1410.7601   663.8832   905.4363   304.2429




Time taken to build model (full training data) : 6.96 seconds

=== Model and evaluation on training set ===

Clustered Instances

 0        423 (  2%)
 1         77 (  0%)
 2        201 (  1%)
 3        159 (  1%)
 4        726 (  4%)
 5        528 (  3%)
 6         96 (  1%)
 7        420 (  2%)
 8        668 (  4%)
 9        428 (  3%)
10        448 (  3%)
11        141 (  1%)
12        101 (  1%)
13        550 (  3%)
14        295 (  2%)
15        282 (  2%)
16         74 (  0%)
17        307 (  2%)
18        327 (  2%)
19        182 (  1%)
20        203 (  1%)
21        425 (  2%)
22        352 (  2%)
23        375 (  2%)
24        783 (  5%)
25        649 (  4%)
26        190 (  1%)
27        250 (  1%)
28        370 (  2%)
29        105 (  1%)
30        341 (  2%)
31        270 (  2%)
32        282 (  2%)
33        367 (  2%)
34        443 (  3%)
35        284 (  2%)
36        300 (  2%)
37        246 (  1%)
38        277 (  2%)
39        202 (  1%)
40        164 (  1%)
41        593 (  3%)
42        569 (  3%)
43        161 (  1%)
44        591 (  3%)
45        282 (  2%)
46        521 (  3%)
47        334 (  2%)
48        314 (  2%)
49        354 (  2%)